400
282.166155 322.228030 
13.725103 6.421142 
391.521659 9.906262 
9.316886 391.369257 
200.740244 113.203902 
28.582520 196.583778 
391.578700 194.578341 
118.671593 306.688668 
390.803739 390.453230 
129.814307 9.920293 
260.391742 7.879167 
280.336536 201.153285 
66.791734 101.584714 
314.988181 97.468202 
197.401815 390.679337 
129.163500 198.425026 
391.694011 281.683848 
24.589807 307.627116 
90.443506 391.988681 
201.560415 262.383655 
310.102966 391.338700 
390.941629 69.839877 
195.366212 35.586040 
202.956577 183.127075 
12.804784 131.937115 
76.867774 253.854356 
144.064203 71.303631 
348.105458 228.488794 
255.991993 72.644373 
332.859157 30.222528 
63.567094 30.135142 
208.338630 332.647753 
260.415087 138.816618 
78.013159 162.878131 
332.139766 167.757215 
343.502967 340.865695 
10.578911 74.694496 
142.942895 132.661971 
74.024468 340.039941 
292.478927 268.097254 
256.113485 374.333214 
144.834075 369.114530 
149.496476 247.519925 
373.726804 124.418906 
392.380748 323.702363 
8.934120 252.068591 
391.531871 235.641704 
7.034177 338.152526 
332.683242 283.912922 
53.078347 387.874326 
184.411540 302.227937 
78.167434 296.749647 
253.824901 291.634992 
238.979470 211.805628 
187.375529 223.442437 
354.132829 392.216872 
354.275654 61.247861 
90.040101 60.880325 
61.439414 202.494643 
27.959553 151.375040 
276.673623 35.579769 
157.133054 37.002155 
179.525184 72.400448 
98.004938 127.477250 
184.372115 154.021319 
312.571816 356.483033 
296.771867 134.445600 
247.396125 173.410359 
239.016119 35.787822 
110.315393 273.753433 
375.927150 41.035341 
215.465218 73.431474 
357.934953 195.772673 
240.815354 106.947593 
104.420475 360.835551 
179.802305 8.510451 
221.742017 144.216525 
46.767954 230.460713 
319.027782 201.691452 
183.342923 365.188242 
220.266273 9.275300 
30.040738 100.260000 
279.701857 99.884161 
167.144700 191.491654 
306.595634 6.868321 
353.627370 7.795601 
30.692755 40.295167 
115.283510 160.421244 
50.888312 65.177081 
163.419364 103.126147 
87.494851 7.405798 
108.822339 235.654320 
246.577884 336.967126 
44.624523 269.920046 
361.423898 265.233627 
317.390914 59.002632 
217.379555 367.158387 
287.850882 174.029676 
119.212907 33.358734 
37.527537 334.188836 
59.153563 125.167927 
253.028472 249.582177 
158.402395 330.848640 
314.373106 317.915175 
333.880981 127.531102 
132.761922 392.094532 
9.351775 172.314125 
213.416276 294.110370 
355.966775 97.980998 
372.277808 314.229109 
100.523711 95.593036 
99.439148 195.732070 
369.945067 166.268861 
307.270486 232.588427 
41.920327 7.736776 
290.229814 391.532592 
161.434715 393.093863 
290.771342 289.022851 
95.513711 327.049931 
26.675308 376.231867 
69.949167 375.860534 
151.812112 227.231880 
232.972370 391.744812 
145.169816 286.231057 
181.049830 271.507565 
8.788053 273.047143 
368.200325 348.949077 
330.032805 259.015137 
284.146199 222.268903 
147.845368 163.013169 
390.582309 152.572535 
295.821156 65.681602 
271.339741 358.668900 
240.462274 305.621449 
59.081562 309.673982 
45.117082 187.556445 
344.069686 376.079183 
133.403844 337.006433 
391.398706 110.661679 
387.113762 214.043107 
7.307125 315.805246 
9.577351 91.974229 
10.136068 212.724618 
10.554449 38.347157 
94.597347 38.637334 
203.562401 232.430608 
391.980884 259.667589 
387.979949 369.506015 
391.365589 302.016512 
131.016439 109.722360 
181.213441 322.970593 
46.388267 349.927144 
358.024121 43.858112 
31.511020 122.709347 
96.352019 218.120145 
352.650167 305.440272 
370.667677 232.593100 
313.775847 176.535364 
218.755984 196.493414 
234.867381 260.180804 
26.229206 262.000182 
331.246811 8.661251 
354.354164 286.189647 
72.280318 392.489561 
33.687450 392.653170 
165.027825 127.458142 
260.735158 215.790677 
313.329399 274.886241 
99.336770 289.150980 
256.619584 49.640010 
203.496561 209.434663 
176.889476 47.655805 
82.887511 274.793631 
271.154948 279.915806 
201.057395 88.822460 
70.528598 49.469002 
262.295667 115.535667 
371.091582 80.595668 
159.659997 60.526872 
188.225752 247.703641 
240.210248 12.165699 
155.942373 11.238965 
367.113538 25.442049 
206.672480 161.423589 
215.583995 48.652511 
65.362781 9.451309 
44.788831 210.500478 
295.218063 25.307620 
8.816674 151.323746 
196.842479 285.913185 
273.085051 301.865461 
372.860375 387.958720 
122.014825 373.413310 
51.610705 87.238475 
240.683851 130.071051 
301.931177 214.106104 
66.585295 226.991040 
332.064271 391.978090 
116.063546 255.312690 
281.826979 9.774999 
202.286313 136.495197 
334.650400 188.835824 
120.958979 135.209147 
300.251788 374.792987 
79.244455 141.700696 
142.351924 304.852074 
236.189366 59.593685 
82.493258 84.319417 
260.675294 25.645315 
296.050662 86.764216 
124.296581 68.967508 
351.811350 156.921958 
184.173735 94.752778 
27.960501 174.664664 
174.992722 26.553542 
76.348667 319.162081 
27.530160 20.043415 
201.037932 315.503649 
200.674899 12.252254 
317.314658 155.853562 
322.760878 337.472838 
241.323684 152.963792 
333.462840 89.932429 
296.807863 111.721172 
338.935357 47.919420 
106.470181 13.376022 
161.950317 82.771478 
48.296919 110.197336 
197.433438 61.326089 
257.382812 194.994329 
237.437945 82.665964 
373.305294 59.713081 
201.465767 373.182714 
184.292686 175.706111 
87.754211 107.851232 
79.294246 185.889119 
171.075238 233.212845 
68.712252 73.327127 
48.993426 46.797102 
279.909598 123.446007 
303.423415 333.964096 
160.999293 148.158229 
225.902915 170.371099 
62.145158 147.193298 
124.108837 288.867050 
375.216803 251.813879 
219.838494 97.673495 
185.572445 200.546910 
96.738443 254.964137 
264.993205 160.815633 
164.747964 374.906279 
217.796700 28.663253 
219.734788 120.892258 
136.044214 49.497047 
11.919420 233.385259 
220.183286 245.206624 
98.702017 149.506987 
389.999530 28.660787 
30.265959 61.185248 
258.573080 93.926167 
26.663266 351.038601 
55.968001 248.360088 
92.158819 345.791044 
115.979984 214.028798 
343.189061 208.458633 
201.998831 352.877730 
351.650054 357.721661 
374.097437 187.680687 
310.794649 295.518567 
257.519909 316.780748 
97.119501 172.550436 
140.296347 26.432381 
390.765707 132.337486 
233.507136 357.309409 
21.531592 329.411938 
134.627397 220.867511 
114.336372 184.279422 
8.380959 191.968133 
280.583648 148.497180 
270.206763 181.430527 
355.043669 116.515464 
225.681724 343.249942 
351.265758 177.148535 
148.351778 204.223467 
166.196569 352.842248 
391.578524 48.467651 
270.723899 392.836715 
277.287164 375.699520 
347.997085 25.373367 
61.308977 285.482037 
365.001739 214.262873 
373.695362 103.630076 
31.928916 80.869716 
144.476729 92.954037 
94.512026 376.673609 
309.966430 252.522658 
301.186060 191.009939 
11.378980 112.572342 
180.545617 113.266814 
8.837799 373.844513 
57.630342 332.739444 
375.109419 274.445929 
62.437265 267.385336 
336.483618 107.507057 
317.188213 41.142498 
131.602166 265.917084 
148.129858 385.662092 
76.629685 123.498150 
275.832586 79.077810 
215.679378 389.599482 
137.414801 320.845109 
273.671608 256.058251 
7.542790 20.897447 
45.622053 25.946551 
115.523090 324.627116 
345.211530 270.463890 
154.284530 268.641682 
218.094827 271.401892 
326.475387 220.656556 
61.541901 177.231212 
313.294198 138.166348 
179.137559 389.185006 
44.447890 295.530729 
27.926706 219.142636 
148.639631 115.608043 
365.583703 370.921526 
294.696382 309.737486 
219.934613 311.374424 
167.052331 213.226342 
353.521382 246.387737 
380.299744 335.054107 
41.682728 316.194634 
134.087705 150.155202 
112.747679 113.848952 
81.695155 26.012558 
289.381681 245.046864 
253.473699 270.090109 
295.942162 45.554073 
111.457239 390.064217 
390.258821 172.757467 
111.200778 52.337972 
358.714944 328.538108 
130.407483 240.771638 
235.583558 375.053783 
231.469974 324.914859 
251.345207 355.868261 
104.989286 76.024686 
43.846400 140.229340 
145.082649 182.811841 
62.866730 357.394656 
371.721608 146.377568 
32.987178 244.160116 
162.991942 308.009900 
8.775775 295.078013 
241.620547 234.297671 
265.866568 337.222449 
338.048971 321.412561 
316.026073 117.817896 
232.886571 285.543389 
329.835756 240.004708 
166.223646 169.804152 
316.489183 77.755914 
148.461981 349.688358 
126.507393 354.817556 
389.397487 89.014240 
373.656806 294.125696 
41.997073 367.489262 
274.957174 59.160332 
237.368728 191.246280 
81.432576 360.678795 
331.346645 356.312018 
184.049079 343.033070 
293.544787 358.127518 
268.338390 234.566835 
222.479458 221.061755 
27.983499 284.903907 
350.701722 79.167392 
374.414494 8.754442 
329.480368 303.462336 
316.800092 22.775596 
110.843166 343.003550 
80.676850 208.521965 
298.649946 159.063124 
97.304327 308.435308 
183.446159 132.346918 
168.099246 254.691891 
286.298373 341.775306 
11.800840 357.761417 
334.500285 67.553090 
334.195964 147.107370 
121.543527 89.917624 
322.823264 374.594742 
129.356355 171.761133 
168.686854 287.100523 
353.428978 136.144958 
85.316906 235.242410 
250.333585 391.806790 
10.132632 56.400083 
47.729954 163.232687 
390.801383 349.198711 
