50
21.167319 24.611290 0 
14.028324 22.422770 0 
15.142523 23.063482 0 
49.637761 4.001522 1 
48.570937 11.063907 1 
32.805830 44.992444 2 
35.710877 48.655746 2 
16.133329 43.719277 3 
13.927155 40.189258 3 
30.615670 2.400818 4 
23.825125 1.330898 4 
20.274721 0.353889 4 
23.792694 5.772966 4 
27.488427 0.448247 4 
29.962510 4.205610 4 
37.091844 28.224446 5 
38.191367 27.517977 5 
28.578335 26.163999 5 
42.463309 36.958084 6 
45.148340 31.399402 6 
23.868432 32.418401 7 
13.139531 5.287853 8 
6.526127 10.634274 8 
2.371305 7.366566 8 
7.384440 3.982234 8 
0.823532 4.698417 8 
0.783732 13.732511 8 
13.737280 2.323388 8 
0.808460 23.506193 9 
4.147978 20.453283 9 
0.550440 27.324466 9 
1.056564 20.207878 9 
23.446421 15.692963 10 
18.170965 13.592356 10 
20.824755 12.806850 10 
20.798338 12.812146 10 
22.558348 14.269547 10 
26.709518 47.661126 11 
18.681121 48.485072 11 
20.391380 48.165696 11 
24.912392 44.700093 11 
47.725949 17.189893 12 
48.261936 19.587084 12 
47.777748 24.269953 12 
25.059537 16.326547 13 
25.942189 18.516707 13 
3.817662 41.087076 14 
0.387948 46.004769 14 
43.648190 1.001726 15 
36.419923 8.192900 15 
