225
19.708400 28.516809 0 
33.944446 0.095446 0 
14.820245 28.148319 0 
11.789063 13.183859 0 
2.246216 23.550653 0 
37.075481 19.606555 0 
42.155407 22.276299 0 
30.302187 4.568342 0 
10.454204 24.835531 0 
33.794004 5.717517 0 
167.688040 176.581283 1 
163.759807 187.432110 1 
177.854402 182.749518 1 
179.930938 154.451423 1 
186.302048 150.242161 1 
181.423471 171.310298 1 
188.661174 149.969590 1 
183.677978 179.180649 1 
167.224528 182.676039 1 
191.974112 163.804703 1 
195.025181 159.257051 1 
26.825856 191.525327 2 
20.141410 168.205606 2 
20.517457 171.221853 2 
44.556647 194.553951 2 
30.918779 182.985010 2 
36.096602 180.955465 2 
16.904934 183.360913 2 
13.214095 179.728014 2 
179.023189 3.702908 3 
194.227616 41.646102 3 
195.662873 8.345901 3 
169.218916 42.711332 3 
183.786941 5.985135 3 
165.829293 18.781655 3 
174.993629 14.752800 3 
168.373045 19.394827 3 
156.024497 18.328847 3 
96.633047 84.757714 4 
129.500364 110.691909 4 
109.255390 92.352487 4 
113.793411 117.936445 4 
114.183544 122.438266 4 
95.784579 99.675804 4 
128.129507 102.405704 4 
134.636023 106.005847 4 
117.139799 86.947482 4 
105.747797 121.410825 4 
4.016180 87.968553 5 
19.744988 91.642925 5 
18.253586 92.049845 5 
12.879411 115.337201 5 
22.863080 116.238217 5 
11.956120 94.977657 5 
10.656551 85.729341 5 
2.822885 79.072450 5 
9.983239 81.320939 5 
190.303955 88.174318 6 
199.243828 128.047704 6 
192.930708 85.178365 6 
181.754954 104.427150 6 
173.001771 93.839869 6 
196.873865 127.254665 6 
195.044400 100.155997 6 
181.103977 106.385280 6 
189.204130 81.488037 6 
171.545797 100.029156 6 
77.653696 194.132182 7 
70.472624 190.214827 7 
105.192527 191.357429 7 
109.073596 167.605465 7 
82.166479 180.315424 7 
74.560890 179.480055 7 
151.742251 12.096110 8 
142.554199 34.448496 8 
129.745786 7.612290 8 
106.101294 7.028314 8 
113.250807 45.840267 8 
136.736080 18.096442 8 
113.763244 6.395735 8 
140.233756 26.991125 8 
136.158514 17.950252 8 
143.355372 19.203895 8 
146.804058 4.017430 8 
112.758986 2.491120 8 
146.956995 33.605974 8 
136.884017 18.479955 8 
141.395817 11.138372 8 
122.509315 45.534972 8 
109.853534 27.117155 8 
141.096905 3.956864 8 
72.819097 92.989921 9 
50.408402 105.851285 9 
58.901278 95.194718 9 
69.611170 92.615617 9 
76.288694 107.098151 9 
52.696396 94.210549 9 
47.567891 97.516085 9 
72.803169 96.779394 9 
50.022685 92.251781 9 
39.312679 93.505592 9 
51.642618 95.521735 9 
50.403011 101.581316 9 
68.286844 112.280316 9 
61.662755 114.187886 9 
63.090736 109.632851 9 
72.321021 91.190734 9 
80.307647 106.701345 9 
150.408924 150.127999 10 
147.323727 108.639313 10 
173.525545 130.290439 10 
148.866968 119.706686 10 
151.612766 123.154689 10 
161.312846 143.552994 10 
168.909654 146.685057 10 
170.764666 135.047685 10 
166.291612 151.011469 10 
172.189213 147.587415 10 
144.101773 134.208298 10 
144.521555 129.679828 10 
145.072434 117.734868 10 
177.239420 128.132625 10 
162.171948 135.583995 10 
163.272954 110.450960 10 
59.204543 54.942612 11 
93.667941 67.658884 11 
82.432568 87.679158 11 
82.567313 50.861886 11 
53.601233 61.376096 11 
71.835030 66.425938 11 
62.784850 55.579362 11 
69.828487 53.117126 11 
86.332202 67.046713 11 
78.169675 58.183883 11 
86.341663 81.829385 11 
81.711085 63.861691 11 
71.652986 62.810233 11 
25.973822 74.557752 12 
14.395927 55.071947 12 
21.816911 42.830258 12 
22.467421 73.441402 12 
24.267404 70.920468 12 
33.921679 39.040069 12 
19.673646 66.539153 12 
25.189030 45.693283 12 
11.026157 45.647468 12 
154.283423 62.481570 13 
149.377099 46.382781 13 
162.439793 48.340374 13 
165.924732 65.213737 13 
154.562106 72.930042 13 
190.206322 62.833636 13 
175.160808 52.735689 13 
162.575120 80.571641 13 
182.536005 58.653076 13 
80.165073 139.764646 14 
50.294241 132.716614 14 
72.511990 170.374920 14 
67.809592 156.877490 14 
72.311537 169.380055 14 
86.603796 154.350400 14 
60.843318 182.783102 14 
73.442448 168.580469 14 
79.401671 127.142313 14 
146.199520 64.418612 15 
149.005374 79.571279 15 
120.528106 67.413679 15 
117.761201 63.688603 15 
112.053750 55.868500 15 
142.040153 63.666516 15 
123.821977 67.548724 15 
145.280040 64.267816 15 
139.926553 71.522342 15 
149.619043 82.479147 15 
151.653315 74.682771 15 
140.326173 97.510050 15 
128.672806 51.282323 15 
121.850951 84.697303 15 
114.648773 79.692800 15 
130.825832 70.597269 15 
116.788065 61.680726 15 
130.192118 66.314869 15 
114.242648 57.754609 15 
4.484061 135.263709 16 
20.097549 154.723197 16 
25.815268 122.117802 16 
22.031755 148.619068 16 
8.251903 132.455253 16 
22.299906 161.659386 16 
41.295388 131.704447 16 
16.920842 161.268686 16 
10.314858 124.247615 16 
3.726330 136.223645 16 
37.647791 133.522793 16 
42.910555 131.163490 16 
41.234685 137.542192 16 
19.023295 124.621640 16 
108.058153 137.867732 17 
117.797204 161.958308 17 
111.360254 132.546891 17 
133.576637 140.954526 17 
91.016984 142.744461 17 
133.585866 145.662179 17 
118.379797 146.788156 17 
123.653962 126.751319 17 
141.308703 156.044059 18 
145.600558 164.071423 18 
150.943078 190.155461 18 
142.771977 182.504071 18 
152.442134 172.155187 18 
127.187730 189.007174 18 
155.140197 192.065742 18 
124.796708 196.340290 18 
61.287862 31.512586 19 
87.297819 35.609169 19 
65.012726 16.415228 19 
63.932554 29.701087 19 
82.697414 24.487585 19 
56.014117 19.278015 19 
80.996454 24.756047 19 
83.070211 17.497414 19 
50.408610 3.468253 19 
55.167393 35.882241 19 
47.705279 23.125809 19 
78.153783 13.850203 19 
