225
17.871949 4.993214 0 
1.693064 4.580036 0 
6.757118 23.394359 0 
7.022864 28.645525 0 
26.219880 31.200431 0 
8.923286 1.774392 0 
3.309666 21.375502 0 
45.422855 1.361782 0 
34.865876 26.035719 0 
15.757833 14.163298 0 
179.418028 189.157890 1 
169.872533 192.050570 1 
177.907982 157.709436 1 
166.198718 182.576576 1 
181.968174 165.691317 1 
191.948184 198.962605 1 
193.803646 182.702498 1 
164.530104 183.257147 1 
173.467987 174.834188 1 
189.863228 152.489560 1 
173.766054 149.845962 1 
183.215131 199.028714 1 
186.190957 147.867656 1 
158.098154 166.122606 1 
180.285905 160.155238 1 
178.879136 176.718409 1 
7.110443 194.442604 2 
33.626052 165.248013 2 
22.480474 171.156971 2 
28.609490 184.491625 2 
3.865672 197.409692 2 
31.354872 189.375484 2 
51.965886 197.235396 2 
48.334258 183.000557 2 
38.650674 168.937886 2 
24.938158 170.536620 2 
38.160371 176.830804 2 
4.137748 177.710240 2 
53.917988 185.718348 2 
29.208581 191.094274 2 
32.303253 179.436410 2 
40.158171 178.696147 2 
188.535381 27.463726 3 
177.315329 40.915126 3 
152.690162 38.543535 3 
164.536239 32.879460 3 
161.953295 33.586324 3 
184.677923 3.840960 3 
184.899964 30.954992 3 
187.139191 15.724357 3 
177.883473 5.880112 3 
172.852480 2.323388 3 
174.788321 24.175027 3 
163.108133 33.601128 3 
171.806862 31.550371 3 
93.363752 92.459527 4 
127.152839 98.021219 4 
110.701545 105.867918 4 
115.188620 105.971501 4 
91.479687 105.638916 4 
115.006617 119.953171 4 
102.841905 111.601052 4 
107.390994 99.236926 4 
96.433224 108.568285 4 
120.145192 97.012272 4 
95.063403 106.814326 4 
103.010890 84.980102 4 
5.502467 82.524209 5 
6.977737 82.531983 5 
0.383165 110.593694 5 
6.395564 117.414185 5 
1.620176 101.677458 5 
17.262249 87.178749 5 
5.941818 85.049710 5 
1.007916 114.562733 5 
28.017941 102.988739 5 
20.712880 94.043199 5 
3.633146 119.575369 5 
188.465496 98.959749 6 
166.661603 87.547018 6 
156.364510 97.112100 6 
177.157576 119.338529 6 
188.564431 96.175240 6 
162.652781 103.543667 6 
188.849834 78.772383 6 
189.768307 97.330269 6 
195.573795 101.789565 6 
193.814997 77.413005 6 
188.266372 107.134426 6 
196.026129 121.753131 6 
87.507913 186.993207 7 
104.125758 191.322695 7 
108.941902 184.090240 7 
66.866098 188.046291 7 
104.852471 195.520033 7 
64.251838 194.208372 7 
71.908116 186.410182 7 
66.515241 187.470640 7 
107.621489 4.688275 8 
110.844143 49.287701 8 
122.327321 45.555736 8 
138.163326 36.869639 8 
137.176286 3.280548 8 
125.964836 44.208069 8 
101.039056 0.616235 8 
73.551692 89.569271 9 
52.135632 108.872127 9 
79.791405 121.901649 9 
51.848516 125.929875 9 
43.547658 126.611305 9 
36.381467 103.376168 9 
38.105424 119.337665 9 
60.310798 122.743986 9 
44.993491 90.659535 9 
56.019038 84.270499 9 
56.088609 96.833283 9 
62.578282 125.233322 9 
149.099403 103.394054 10 
158.011914 146.345491 10 
140.697198 118.684159 10 
175.859518 145.039227 10 
171.754340 149.227160 10 
142.824641 119.613033 10 
190.914371 139.124644 10 
170.727085 118.112538 10 
175.302831 139.051198 10 
141.729561 119.321697 10 
59.919037 63.284015 11 
98.139698 73.937425 11 
84.381494 84.942870 11 
92.051544 45.549928 11 
66.818026 59.511518 11 
51.894639 69.291058 11 
71.746647 80.745122 11 
71.530585 82.202594 11 
64.652260 65.899006 11 
40.586057 76.506809 12 
8.719957 73.840301 12 
34.519562 47.115919 12 
21.804117 50.107239 12 
37.333992 67.523968 12 
10.464283 45.554320 12 
41.273118 48.281321 12 
34.116461 70.857491 12 
1.380818 66.706363 12 
27.208265 36.321423 12 
45.055617 49.491783 12 
163.506696 75.744835 13 
188.998896 74.264199 13 
172.069584 72.609655 13 
185.548583 58.766211 13 
175.162402 53.215414 13 
147.821922 46.861053 13 
170.968516 66.276677 13 
151.270060 53.514815 13 
150.293521 57.126005 13 
85.371665 162.057540 14 
55.652161 146.320467 14 
63.386220 144.960604 14 
44.997272 153.418048 14 
68.367194 157.997819 14 
67.443025 162.063814 14 
61.257406 173.076133 14 
48.215526 137.407461 14 
60.163815 174.750022 14 
59.835075 160.998180 14 
48.896344 168.238400 14 
87.424497 155.999829 14 
65.433708 146.319650 14 
116.004690 72.448598 15 
126.214357 73.302100 15 
149.122512 91.814879 15 
124.519767 68.988103 15 
125.201808 86.818308 15 
147.345272 93.665983 15 
143.993668 98.258916 15 
111.353776 61.924076 15 
120.375443 73.911294 15 
141.435261 100.578825 15 
141.937590 82.998293 15 
16.537649 153.349489 16 
37.600498 154.901434 16 
6.285105 133.075278 16 
5.666358 136.517126 16 
2.472862 128.250481 16 
17.086140 122.060733 16 
34.559762 144.313299 16 
36.618945 141.661563 16 
44.648176 132.319270 16 
114.764640 139.624823 17 
132.490076 145.297308 17 
122.670844 157.479184 17 
133.331643 132.329152 17 
111.284700 142.241705 17 
136.106566 143.795926 17 
118.476204 165.071137 17 
131.131552 135.899627 17 
127.198167 155.938760 17 
110.208616 126.902310 17 
122.538683 174.372491 18 
145.400059 183.261892 18 
136.087240 184.729367 18 
133.458285 199.570114 18 
149.530478 171.691390 18 
146.282308 158.828451 18 
151.221704 185.927346 18 
120.790696 189.824103 18 
120.406631 172.786898 18 
115.721121 172.735293 18 
130.811275 199.592016 18 
153.177501 173.855987 18 
86.179568 29.785092 19 
69.773546 0.197741 19 
88.561355 34.967745 19 
55.968352 21.226667 19 
98.011234 5.563874 19 
70.892220 14.222424 19 
57.789394 1.856627 19 
72.929509 11.651624 19 
58.474123 1.306415 19 
50.530148 32.562046 19 
56.387969 15.151780 19 
70.761607 19.372631 19 
63.686368 25.433873 19 
79.677965 23.027958 19 
