2
40
31.438605
1.911478
43.950491
2.258901
25.181308
36.882778
4.985179
6.823103
9.945658
43.623950
32.178909
9.114576
39.201669
0.075876
38.433446
33.395279
7.822576
0.493215
16.721290
25.475022
42.009386
19.719146
39.154961
39.922002
45.582368
9.877568
16.761138
38.411480
13.888736
27.698498
23.869853
31.443546
18.239224
25.670046
47.611486
45.809753
31.785586
35.864846
7.080128
30.348444
35.048818
40.483817
4.439773
6.073960
17.415338
21.098100
34.990275
3.319217
29.374118
32.148315
49.530164
14.785914
13.566836
3.482799
47.481969
19.108761
16.135505
49.418276
42.126103
13.765710
28.069009
11.249166
19.654589
22.196920
14.252063
7.239053
28.177725
43.233935
44.770092
11.540234
0.200580
23.029044
8.816165
31.308311
47.243680
42.304230
0.499847
12.854044
2.037669
22.197373
0
0
1
2
1
0
0
3
2
2
0
3
0
1
2
1
2
3
3
2
3
2
2
0
3
0
2
0
1
0
0
2
2
1
0
2
1
3
2
2
