225
22.267962 27.952828 0 
25.667516 9.117221 0 
7.048129 3.322231 0 
4.969899 9.146599 0 
8.376223 0.277893 0 
14.264032 30.275946 0 
14.495367 22.421575 0 
4.500279 8.092407 0 
42.536828 10.943176 0 
183.041473 146.708159 1 
186.829358 161.760586 1 
182.601392 163.209122 1 
181.293019 175.405980 1 
180.983524 152.837790 1 
183.543457 168.161278 1 
162.877784 165.626081 1 
164.671850 198.327688 1 
198.041478 189.735025 1 
184.516287 191.715935 1 
167.855286 192.549172 1 
181.085966 180.295151 1 
193.968757 145.969851 1 
21.538944 188.473577 2 
18.029053 186.037505 2 
21.460076 190.491088 2 
30.735993 195.544537 2 
43.723272 176.553378 2 
41.190255 180.774056 2 
45.621528 171.819939 2 
21.451176 179.025002 2 
3.600018 194.992072 2 
12.066604 178.757800 2 
194.241514 33.951581 3 
190.669113 39.747040 3 
184.914963 5.268136 3 
160.560216 29.398993 3 
190.118396 24.970617 3 
195.859092 26.697545 3 
184.776082 23.244899 3 
187.359202 25.479881 3 
164.607416 39.815274 3 
195.635249 7.058905 3 
189.493250 32.303020 3 
188.826492 16.407179 3 
112.672630 99.876253 4 
117.086212 112.595259 4 
92.573659 119.788479 4 
100.983081 112.853232 4 
84.409037 104.326578 4 
108.132487 92.457863 4 
30.767538 91.001091 5 
16.424159 91.254631 5 
17.554753 117.013079 5 
2.232654 111.475199 5 
30.533078 96.180905 5 
13.129761 95.989353 5 
35.321213 95.807345 5 
18.405291 105.377398 5 
23.965473 108.863314 5 
6.376618 107.553911 5 
5.684419 102.721535 5 
12.225299 88.151921 5 
7.815252 102.371717 5 
175.386396 101.082780 6 
171.627554 103.487133 6 
190.272833 122.096985 6 
197.050616 92.648773 6 
92.032390 170.112526 7 
91.382928 199.969298 7 
103.431414 199.584501 7 
96.553502 162.134141 7 
103.364320 184.801982 7 
93.530294 197.040144 7 
84.501060 195.639012 7 
102.289615 190.281554 7 
71.586955 180.808073 7 
93.748518 188.105927 7 
92.124536 167.285312 7 
123.124966 28.399020 8 
145.827228 39.836163 8 
113.631802 14.142618 8 
143.261772 37.184365 8 
126.843927 38.019437 8 
124.645841 13.625810 8 
101.777731 2.281540 8 
110.300962 10.508000 8 
142.634025 26.561464 8 
126.645934 33.287382 8 
126.265299 26.298859 8 
136.568437 16.766576 8 
103.850959 28.777470 8 
136.455642 15.409533 8 
106.328181 12.696347 8 
147.070388 16.604282 8 
142.473810 9.823245 8 
127.420559 35.722998 8 
140.967706 6.813830 8 
118.850199 4.501549 8 
132.096245 39.647491 8 
101.007805 26.168327 8 
72.325392 100.504217 9 
71.406573 109.841315 9 
50.906679 96.133858 9 
65.366320 89.246969 9 
59.598451 109.414731 9 
48.346340 77.164127 9 
42.921450 100.643321 9 
45.563784 117.471131 9 
42.387056 102.680117 9 
79.787549 118.638796 9 
170.071910 134.100313 10 
142.207880 110.757792 10 
157.920190 137.660987 10 
154.797537 108.853216 10 
145.923404 139.573620 10 
154.798989 131.660855 10 
142.572815 125.302135 10 
143.639458 146.963083 10 
136.392761 124.889888 10 
154.659582 118.173150 10 
75.326301 47.565168 11 
68.135443 56.453424 11 
93.421788 68.388265 11 
90.500844 70.451106 11 
102.964613 45.100907 11 
66.250828 58.976260 11 
105.008072 67.384043 11 
72.761537 86.342535 11 
102.712193 44.593763 11 
63.225601 67.817595 11 
53.888792 56.403131 11 
84.759562 65.262217 11 
86.401930 79.949220 11 
100.558041 71.979350 11 
83.277945 79.702513 11 
93.257543 50.718902 11 
80.350377 73.996577 11 
67.786893 60.415591 11 
92.476283 74.087240 11 
101.331990 67.823707 11 
84.173798 74.454544 11 
20.728695 54.290897 12 
44.733168 63.312553 12 
15.218713 36.851835 12 
22.029212 38.858052 12 
22.666744 77.981133 12 
34.185462 43.634128 12 
45.405977 45.758300 12 
23.227816 68.317047 12 
18.471377 46.500167 12 
12.132382 76.159010 12 
31.965681 61.918950 12 
165.026954 75.032394 13 
156.329677 79.963179 13 
183.871336 49.292301 13 
180.248060 69.378056 13 
180.346519 62.645569 13 
166.545103 71.372685 13 
199.318506 67.319609 13 
173.858284 58.745008 13 
185.279562 73.922868 13 
155.793096 66.412311 13 
170.978974 66.870765 13 
174.772182 56.641163 13 
47.532191 153.642480 14 
88.751322 151.949709 14 
54.475981 175.778929 14 
48.893640 155.760802 14 
76.102495 159.805466 14 
79.709882 144.162850 14 
74.442948 143.929255 14 
86.938054 147.542367 14 
53.159926 145.328694 14 
48.283208 154.608528 14 
71.259742 131.781547 14 
46.313404 145.117311 14 
53.793849 142.883667 14 
53.493568 156.180946 14 
60.002343 145.911492 14 
84.593991 161.665737 14 
79.769096 155.722221 14 
83.571764 164.664116 14 
138.772726 95.436139 15 
136.712022 93.731592 15 
147.198197 92.907783 15 
145.200259 60.116895 15 
153.280070 89.811865 15 
152.942566 89.992092 15 
139.966955 66.220891 15 
123.183596 76.061747 15 
30.268186 136.442567 16 
2.779655 154.741075 16 
25.575272 142.964231 16 
36.144125 123.559776 16 
21.576210 160.581532 16 
0.180123 157.578645 16 
23.214197 158.055786 16 
15.732629 155.312313 16 
35.064953 132.948762 16 
105.043389 157.170573 17 
103.239811 146.571589 17 
117.521387 129.653213 17 
96.995698 127.811543 17 
120.663958 132.852087 17 
110.711204 155.214488 17 
134.703651 127.330487 17 
113.300866 131.135098 17 
98.850126 136.871141 17 
146.578621 196.813290 18 
137.199248 184.216519 18 
145.566943 179.425226 18 
143.940207 193.094755 18 
126.811648 177.682759 18 
130.989594 167.288431 18 
132.098116 168.590147 18 
123.883500 171.577095 18 
57.483983 22.984402 19 
77.403927 0.608770 19 
87.024028 37.723781 19 
73.116365 32.946263 19 
76.056612 39.644047 19 
48.833275 33.472318 19 
97.787134 5.823964 19 
60.452927 35.678810 19 
71.639278 27.393793 19 
